##FastQC	0.11.5
>>Basic Statistics	pass
#Measure	Value
Filename	A0172326J_2.fq
File type	Conventional base calls
Encoding	Sanger / Illumina 1.9
Total Sequences	1209230
Sequences flagged as poor quality	0
Sequence length	100
%GC	38
>>END_MODULE
>>Per base sequence quality	pass
#Base	Mean	Median	Lower Quartile	Upper Quartile	10th Percentile	90th Percentile
1	30.48148160399593	31.0	31.0	34.0	25.0	34.0
2	30.82120688371939	33.0	31.0	34.0	26.0	34.0
3	30.976694259983628	33.0	31.0	34.0	27.0	34.0
4	34.3967963083946	37.0	35.0	37.0	30.0	37.0
5	34.44606650513136	37.0	35.0	37.0	30.0	37.0
6	34.42119447913135	37.0	35.0	37.0	30.0	37.0
7	34.43194594907503	37.0	35.0	37.0	30.0	37.0
8	34.429204535117385	37.0	35.0	37.0	30.0	37.0
9	35.94954640556387	39.0	37.0	39.0	30.0	39.0
10-11	35.94723543081135	39.0	37.0	39.0	30.0	39.0
12-13	35.884032400783965	39.0	37.0	39.0	30.0	39.0
14-15	37.03397533967897	40.0	37.0	41.0	30.0	41.0
16-17	36.94748228211341	40.0	37.0	41.0	30.0	41.0
18-19	36.92296006549623	40.0	37.0	41.0	30.0	41.0
20-21	36.86868544445639	40.0	37.0	41.0	30.0	41.0
22-23	36.76619915152618	40.0	37.0	41.0	29.0	41.0
24-25	36.658914350454424	40.0	36.5	41.0	29.0	41.0
26-27	36.51661801311579	39.5	36.0	41.0	27.5	41.0
28-29	36.37187466404241	39.0	36.0	41.0	27.0	41.0
30-31	36.21302357698701	39.0	36.0	41.0	27.0	41.0
32-33	36.073694830594675	39.0	35.5	41.0	26.5	41.0
34-35	35.904079869007546	39.0	35.0	41.0	26.0	41.0
36-37	35.74567410666292	39.0	35.0	40.5	25.0	41.0
38-39	35.5842201235497	39.0	35.0	40.0	25.0	41.0
40-41	35.415435855875224	38.5	34.5	40.0	25.0	41.0
42-43	35.24859207925705	38.0	34.0	40.0	24.0	41.0
44-45	35.081998461831084	38.0	34.0	40.0	24.0	41.0
46-47	35.02156330888251	38.0	34.0	40.0	24.0	41.0
48-49	35.109512251598126	38.0	34.0	40.0	24.0	41.0
50-51	34.30776609908784	37.5	33.0	39.5	23.5	40.5
52-53	34.81005639952697	38.0	33.5	39.5	24.5	40.5
54-55	35.416302109606946	39.0	34.5	40.0	26.0	41.0
56-57	35.391702157571345	38.5	34.5	40.5	26.0	41.0
58-59	35.19084334659246	38.0	34.0	40.0	26.0	41.0
60-61	34.92195446689215	37.5	34.0	40.0	25.5	41.0
62-63	34.64445266822689	37.0	34.0	40.0	25.0	41.0
64-65	34.34575556345774	36.5	34.0	39.5	24.5	41.0
66-67	34.0215699246628	36.0	33.0	39.0	24.0	41.0
68-69	33.67206073286306	35.5	33.0	39.0	23.0	41.0
70-71	33.349377289680206	35.0	33.0	38.5	23.0	40.0
72-73	33.01005722649951	35.0	32.5	37.0	23.0	39.5
74-75	32.68687677282237	35.0	32.0	37.0	22.5	39.0
76-77	32.344125600588804	35.0	32.0	36.5	22.0	39.0
78-79	32.05272735542453	35.0	32.0	36.0	21.5	38.0
80-81	31.780851450923315	35.0	31.0	35.5	20.5	37.0
82-83	31.516673420275716	35.0	31.0	35.0	20.0	37.0
84-85	31.30994227731697	35.0	31.0	35.0	20.0	36.0
86-87	31.103174747566634	34.5	31.0	35.0	20.0	36.0
88-89	30.933420441107152	34.0	31.0	35.0	19.5	36.0
90-91	30.783939366373644	34.0	31.0	35.0	19.0	35.0
92-93	30.644533711535438	34.0	30.0	35.0	19.0	35.0
94-95	30.528473491395353	34.0	30.0	35.0	18.5	35.0
96-97	30.404119563689292	34.0	30.0	35.0	18.0	35.0
98-99	30.299619592633327	34.0	30.0	35.0	18.0	35.0
100	30.19965432547985	34.0	29.0	35.0	18.0	35.0
>>END_MODULE
>>Per sequence quality scores	pass
#Quality	Count
29	10.0
30	350.0
31	7538.0
32	86403.0
33	408163.0
34	556802.0
35	146417.0
36	3544.0
37	3.0
>>END_MODULE
>>Per base sequence content	pass
#Base	G	A	T	C
1	19.210323925142447	30.829866940118915	30.801749873886685	19.15805926085195
2	19.224795944526683	30.835159564350867	30.741463575994644	19.19858091512781
3	19.20999313612795	30.75535671460351	30.808944534951994	19.22570561431655
4	19.181627978134845	30.795795671625747	30.8421061336553	19.18047021658411
5	19.146564342598182	30.853435657401818	30.875681218626728	19.12431878137327
6	19.198498217874185	30.797284222190978	30.826145563705833	19.178071996229004
7	19.221074568113593	30.843346592459664	30.767843999900762	19.16773483952598
8	19.24522216617186	30.732614969856854	30.83482877533637	19.187334088634916
9	19.16690786698974	30.732614969856854	30.900986578235734	19.199490584917676
10-11	19.208504585562714	30.795010047716314	30.798359286488097	19.198126080232875
12-13	19.148383682177915	30.7843834506256	30.802122011528	19.265110855668482
14-15	19.192833456000926	30.80100559860407	30.81440255369119	19.19175839170381
16-17	19.201806108019152	30.79430712106051	30.798524680995342	19.205362089924993
18-19	19.213301026272916	30.801088295857692	30.8270552334957	19.158555444373693
20-21	19.247868478287835	30.806959800865013	30.744440677125112	19.200731043722037
22-23	19.207677613026473	30.79112327679598	30.77648586290449	19.22471324727306
24-25	19.225829660196986	30.76035989844777	30.813947718796257	19.199862722558983
26-27	19.169057995583966	30.761889797639817	30.864847878401957	19.204204328374257
28-29	19.193246942269045	30.77127593592617	30.840824326224126	19.19465279558066
30-31	19.2672196356359	30.707557702008714	30.812789957245517	19.212432705109865
32-33	19.229426990729635	30.72335287745094	30.754322998933205	19.292897132886218
34-35	19.212432705109865	30.747293732375148	30.80199796564756	19.238275596867428
36-37	19.202963869569892	30.76110417373039	30.820150012818075	19.215781943881645
38-39	19.267674470530835	30.746590805719343	30.757630889078175	19.22810383467165
40-41	19.233644550664472	30.712478188599356	30.804065396988168	19.249811863748004
42-43	19.200896438229286	30.77082110103124	30.753330631889714	19.274951828849765
44-45	19.218180164236745	30.797160176310545	30.740347163070712	19.244312496381998
46-47	19.24952242336032	30.73360733690034	30.796994781803296	19.21987545793604
48-49	19.24757903790015	30.73650174077719	30.798648726875783	19.21727049444688
50-51	19.2579988918568	30.718804528501607	30.747789915896895	19.275406663744697
52-53	19.246876111244347	30.77561754174144	30.737824896835175	19.239681450179038
54-55	19.24733094613928	30.758003026719482	30.72260860216832	19.272057424972918
56-57	19.209000769084458	30.766314100708712	30.774583826071133	19.25010130413569
58-59	19.19130355680888	30.77979375304946	30.783804569850236	19.245098120291427
60-61	19.2347609635884	30.74398584223018	30.76461880700942	19.256634387172003
62-63	19.244932725784178	30.774211688429826	30.757258751436865	19.22359683434913
64-65	19.287025627878897	30.747169686494715	30.705614316548548	19.260190369077844
66-67	19.27859050800923	30.75444704481364	30.74853419117951	19.21842825599762
68-69	19.28681888474484	30.745433044168603	30.749815998610686	19.217932072475875
70-71	19.26229914904526	30.77131728455298	30.713759996030532	19.252623570371227
72-73	19.248199267302333	30.72711560249084	30.795671625745307	19.229013504461516
74-75	19.25142446019368	30.765321733665225	30.774087642549393	19.209166163591707
76-77	19.287811251788327	30.658849019624057	30.778263853857414	19.2750758747302
78-79	19.256096855023443	30.716530354026943	30.746797548853404	19.28057524209621
80-81	19.248406010436394	30.7484928425527	30.740595254831586	19.26250589217932
82-83	19.243650918353	30.769001761451502	30.723311528824127	19.264035791371366
84-85	19.313943583933575	30.681714810251155	30.74142222736783	19.262919378447442
86-87	19.279045342904162	30.726784813476343	30.739520190534474	19.25464965308502
88-89	19.28863822432457	30.68130132398303	30.721822978258896	19.308237473433508
90-91	19.264118488624995	30.73199474045467	30.732284180842356	19.271602590077983
92-93	19.296701206552928	30.750849714280985	30.678696360493866	19.273752718672213
94-95	19.249067588465387	30.70119001347965	30.726495373088657	19.3232470249663
96-97	19.279458829172285	30.67092281865319	30.737204667432994	19.312413684741532
98-99	19.301704390397195	30.646196339819554	30.70631724320435	19.3457820265789
100	19.321717125774253	30.65802204708782	30.671749791189434	19.348511035948494
>>END_MODULE
>>Per sequence GC content	pass
#GC Content	Count
0	1.0
1	0.5
2	0.0
3	1.0
4	3.5
5	5.5
6	10.5
7	12.0
8	13.0
9	22.0
10	34.5
11	48.0
12	65.0
13	83.0
14	100.5
15	154.0
16	237.5
17	347.5
18	532.5
19	826.5
20	1204.5
21	1724.5
22	2431.5
23	3357.0
24	4647.5
25	6530.5
26	8878.0
27	11902.0
28	15896.5
29	20642.5
30	26239.5
31	32931.5
32	40619.5
33	48309.0
34	56012.0
35	63778.0
36	70374.0
37	75336.0
38	78010.5
39	78425.0
40	76856.0
41	73201.5
42	68017.0
43	61615.5
44	54309.5
45	46503.0
46	39108.0
47	32099.0
48	25827.0
49	20679.0
50	16086.0
51	12246.5
52	9144.0
53	6774.0
54	4900.5
55	3433.0
56	2467.0
57	1791.5
58	1299.5
59	906.5
60	633.5
61	459.5
62	324.0
63	253.5
64	189.5
65	123.0
66	88.5
67	61.5
68	34.5
69	20.0
70	12.5
71	9.5
72	6.0
73	2.0
74	1.0
75	0.5
76	0.0
77	0.0
78	0.0
79	0.0
80	0.0
81	0.0
82	0.0
83	0.0
84	0.0
85	0.0
86	0.0
87	0.0
88	0.0
89	0.0
90	0.0
91	0.0
92	0.0
93	0.0
94	0.0
95	0.0
96	0.0
97	0.0
98	0.0
99	0.0
100	0.0
>>END_MODULE
>>Per base N content	pass
#Base	N-Count
1	0.0
2	0.0
3	0.0
4	0.0
5	0.0
6	0.0
7	0.0
8	0.0
9	0.0
10-11	0.0
12-13	0.0
14-15	0.0
16-17	0.0
18-19	0.0
20-21	0.0
22-23	0.0
24-25	0.0
26-27	0.0
28-29	0.0
30-31	0.0
32-33	0.0
34-35	0.0
36-37	0.0
38-39	0.0
40-41	0.0
42-43	0.0
44-45	0.0
46-47	0.0
48-49	0.0
50-51	0.0
52-53	0.0
54-55	0.0
56-57	0.0
58-59	0.0
60-61	0.0
62-63	0.0
64-65	0.0
66-67	0.0
68-69	0.0
70-71	0.0
72-73	0.0
74-75	0.0
76-77	0.0
78-79	0.0
80-81	0.0
82-83	0.0
84-85	0.0
86-87	0.0
88-89	0.0
90-91	0.0
92-93	0.0
94-95	0.0
96-97	0.0
98-99	0.0
100	0.0
>>END_MODULE
>>Sequence Length Distribution	pass
#Length	Count
100	1209230.0
>>END_MODULE
>>Sequence Duplication Levels	pass
#Total Deduplicated Percentage	98.95340307617386
#Duplication Level	Percentage of deduplicated	Percentage of total
1	99.05380562846881	98.01711154582853
2	0.8555321067746693	1.6931562681256414
3	0.07472221295904943	0.2218205177304156
4	0.012312186473192025	0.04873331003323143
5	0.002385990606719694	0.011805094512134927
6	0.0012418747176002254	0.007373263770048281
7	0.0	0.0
8	0.0	0.0
9	0.0	0.0
>10	0.0	0.0
>50	0.0	0.0
>100	0.0	0.0
>500	0.0	0.0
>1k	0.0	0.0
>5k	0.0	0.0
>10k+	0.0	0.0
>>END_MODULE
>>Overrepresented sequences	pass
>>END_MODULE
>>Adapter Content	pass
#Position	Illumina Universal Adapter	Illumina Small RNA 3' Adapter	Illumina Small RNA 5' Adapter	Nextera Transposase Sequence	SOLID Small RNA Adapter
1	0.0	0.0	0.0	0.0	0.0
2	0.0	0.0	0.0	0.0	0.0
3	8.269725362420714E-5	0.0	0.0	0.0	0.0
4	8.269725362420714E-5	8.269725362420714E-5	0.0	0.0	0.0
5	8.269725362420714E-5	8.269725362420714E-5	0.0	0.0	0.0
6	8.269725362420714E-5	8.269725362420714E-5	0.0	0.0	0.0
7	8.269725362420714E-5	8.269725362420714E-5	0.0	0.0	0.0
8	1.6539450724841427E-4	8.269725362420714E-5	0.0	0.0	0.0
9	1.6539450724841427E-4	8.269725362420714E-5	0.0	0.0	0.0
10-11	1.6539450724841427E-4	8.269725362420714E-5	0.0	0.0	0.0
12-13	1.6539450724841427E-4	8.269725362420714E-5	0.0	0.0	0.0
14-15	1.6539450724841427E-4	8.269725362420714E-5	0.0	0.0	0.0
16-17	1.6539450724841427E-4	8.269725362420714E-5	0.0	0.0	0.0
18-19	2.0674313406051785E-4	8.269725362420714E-5	0.0	0.0	0.0
20-21	3.3078901449682855E-4	8.269725362420714E-5	0.0	0.0	0.0
22-23	3.3078901449682855E-4	8.269725362420714E-5	0.0	0.0	0.0
24-25	3.3078901449682855E-4	8.269725362420714E-5	0.0	0.0	0.0
26-27	4.134862681210357E-4	8.269725362420714E-5	0.0	0.0	0.0
28-29	4.134862681210357E-4	8.269725362420714E-5	8.269725362420714E-5	0.0	0.0
30-31	4.134862681210357E-4	8.269725362420714E-5	8.269725362420714E-5	0.0	0.0
32-33	4.134862681210357E-4	8.269725362420714E-5	8.269725362420714E-5	0.0	0.0
34-35	4.134862681210357E-4	8.269725362420714E-5	8.269725362420714E-5	0.0	0.0
36-37	4.134862681210357E-4	8.269725362420714E-5	8.269725362420714E-5	0.0	0.0
38-39	4.961835217452428E-4	8.269725362420714E-5	8.269725362420714E-5	0.0	0.0
40-41	5.375321485573464E-4	8.269725362420714E-5	8.269725362420714E-5	0.0	0.0
42-43	6.202294021815536E-4	8.269725362420714E-5	8.269725362420714E-5	0.0	0.0
44-45	6.615780289936571E-4	8.269725362420714E-5	8.269725362420714E-5	0.0	0.0
46-47	6.615780289936571E-4	8.269725362420714E-5	8.269725362420714E-5	8.269725362420714E-5	0.0
48-49	6.615780289936571E-4	8.269725362420714E-5	8.269725362420714E-5	8.269725362420714E-5	0.0
50-51	6.615780289936571E-4	8.269725362420714E-5	8.269725362420714E-5	8.269725362420714E-5	0.0
52-53	6.615780289936571E-4	8.269725362420714E-5	8.269725362420714E-5	8.269725362420714E-5	0.0
54-55	6.615780289936571E-4	8.269725362420714E-5	8.269725362420714E-5	8.269725362420714E-5	0.0
56-57	6.615780289936571E-4	8.269725362420714E-5	8.269725362420714E-5	8.269725362420714E-5	0.0
58-59	6.615780289936571E-4	8.269725362420714E-5	8.269725362420714E-5	8.269725362420714E-5	0.0
60-61	6.615780289936571E-4	8.269725362420714E-5	8.269725362420714E-5	8.269725362420714E-5	0.0
62-63	6.615780289936571E-4	8.269725362420714E-5	8.269725362420714E-5	8.269725362420714E-5	0.0
64-65	6.615780289936571E-4	8.269725362420714E-5	8.269725362420714E-5	8.269725362420714E-5	0.0
66-67	6.615780289936571E-4	8.269725362420714E-5	8.269725362420714E-5	8.269725362420714E-5	0.0
68-69	6.615780289936571E-4	8.269725362420714E-5	8.269725362420714E-5	8.269725362420714E-5	0.0
70-71	7.029266558057607E-4	1.240458804363107E-4	8.269725362420714E-5	8.269725362420714E-5	0.0
72-73	7.442752826178643E-4	1.6539450724841427E-4	8.269725362420714E-5	8.269725362420714E-5	0.0
74-75	7.442752826178643E-4	1.6539450724841427E-4	8.269725362420714E-5	8.269725362420714E-5	0.0
76-77	7.442752826178643E-4	1.6539450724841427E-4	8.269725362420714E-5	8.269725362420714E-5	0.0
78-79	7.442752826178643E-4	1.6539450724841427E-4	8.269725362420714E-5	8.269725362420714E-5	0.0
80-81	7.442752826178643E-4	1.6539450724841427E-4	8.269725362420714E-5	8.269725362420714E-5	0.0
82-83	7.442752826178643E-4	1.6539450724841427E-4	8.269725362420714E-5	8.269725362420714E-5	0.0
84-85	7.442752826178643E-4	1.6539450724841427E-4	8.269725362420714E-5	8.269725362420714E-5	0.0
86-87	7.442752826178643E-4	1.6539450724841427E-4	8.269725362420714E-5	8.269725362420714E-5	0.0
88	7.442752826178643E-4	1.6539450724841427E-4	8.269725362420714E-5	8.269725362420714E-5	0.0
>>END_MODULE
>>Kmer Content	warn
#Sequence	Count	PValue	Obs/Exp Max	Max Obs/Exp Position
CAATCGA	550	0.0031617293	5.5545454	42-43
>>END_MODULE
