##FastQC	0.11.5
>>Basic Statistics	pass
#Measure	Value
Filename	A0172326J_1.fq
File type	Conventional base calls
Encoding	Sanger / Illumina 1.9
Total Sequences	1209230
Sequences flagged as poor quality	0
Sequence length	100
%GC	38
>>END_MODULE
>>Per base sequence quality	pass
#Base	Mean	Median	Lower Quartile	Upper Quartile	10th Percentile	90th Percentile
1	30.89505553120581	31.0	31.0	34.0	26.0	34.0
2	31.406696823598487	33.0	31.0	34.0	27.0	34.0
3	31.612788303300448	34.0	31.0	34.0	28.0	34.0
4	35.0905328184051	37.0	35.0	37.0	32.0	37.0
5	34.66656715430481	37.0	35.0	37.0	30.0	37.0
6	34.690368250870385	37.0	35.0	37.0	31.0	37.0
7	34.70858810978888	37.0	35.0	37.0	31.0	37.0
8	34.67246512243329	37.0	35.0	37.0	31.0	37.0
9	36.28148821977622	39.0	37.0	39.0	31.0	39.0
10-11	36.29442868602334	39.0	37.0	39.0	31.0	39.0
12-13	36.264635759946415	39.0	37.0	39.0	31.0	39.0
14-15	37.49053447235018	40.0	38.0	41.0	31.0	41.0
16-17	37.43895081994327	40.0	38.0	41.0	31.0	41.0
18-19	37.370083855015174	40.0	37.5	41.0	31.0	41.0
20-21	37.364795365645904	40.0	37.5	41.0	31.0	41.0
22-23	37.26095862656401	40.0	37.0	41.0	30.0	41.0
24-25	37.17984543883297	40.0	37.0	41.0	30.0	41.0
26-27	37.05003969468174	40.0	37.0	41.0	30.0	41.0
28-29	36.93192155338521	40.0	37.0	41.0	30.0	41.0
30-31	36.80500483778934	40.0	36.5	41.0	29.5	41.0
32-33	36.68346716505545	40.0	36.0	41.0	29.0	41.0
34-35	36.54887779826832	40.0	36.0	41.0	28.5	41.0
36-37	36.4250461037189	39.0	36.0	41.0	28.0	41.0
38-39	36.331187615259296	39.0	35.0	41.0	28.0	41.0
40-41	36.22106340398436	39.0	35.0	41.0	27.5	41.0
42-43	36.1159121920561	39.0	35.0	41.0	27.0	41.0
44-45	36.0558173383062	39.0	35.0	41.0	27.0	41.0
46-47	36.00796291855147	39.0	35.0	41.0	27.0	41.0
48-49	35.96766496034667	39.0	35.0	41.0	27.0	41.0
50-51	35.89351074650811	39.0	35.0	41.0	27.0	41.0
52-53	35.73200383715256	39.0	35.0	40.5	26.5	41.0
54-55	35.54591971750618	38.5	34.0	40.0	26.0	41.0
56-57	35.33207743770829	38.0	34.0	40.0	26.0	41.0
58-59	35.06209654077388	38.0	34.0	40.0	26.0	41.0
60-61	34.80302589251011	37.0	34.0	40.0	26.0	41.0
62-63	34.49014744920321	37.0	33.0	40.0	25.5	41.0
64-65	34.21284040257023	36.0	33.0	39.0	25.0	41.0
66-67	33.90625067191519	36.0	33.0	39.0	24.5	41.0
68-69	33.55961727711023	35.0	32.5	39.0	24.0	40.0
70-71	33.250817048865805	35.0	32.0	38.0	24.0	40.0
72-73	32.88732209753314	35.0	32.0	37.0	23.5	39.5
74-75	32.58077082110103	35.0	32.0	36.5	23.0	39.0
76-77	31.209398129388124	33.5	30.0	35.0	21.5	37.5
78-79	32.319758441322165	35.0	32.0	36.0	24.0	37.5
80-81	32.35873531090032	35.0	32.0	35.5	24.0	37.0
82-83	32.19759061551566	35.0	32.0	35.0	24.0	37.0
84-85	32.0188202409798	35.0	32.0	35.0	24.0	36.0
86-87	31.8731510961521	35.0	32.0	35.0	24.0	36.0
88-89	31.722958411551154	35.0	32.0	35.0	24.0	36.0
90-91	31.58539607849623	35.0	32.0	35.0	23.0	35.5
92-93	31.478170405960817	34.5	31.5	35.0	23.0	35.0
94-95	31.36969559140941	34.0	31.0	35.0	23.0	35.0
96-97	31.27113493710874	34.0	31.0	35.0	23.0	35.0
98-99	31.17052669880833	34.0	31.0	35.0	22.0	35.0
100	31.124496580468563	34.0	31.0	35.0	21.0	35.0
>>END_MODULE
>>Per sequence quality scores	pass
#Quality	Count
30	18.0
31	847.0
32	21858.0
33	215276.0
34	618176.0
35	336172.0
36	16871.0
37	12.0
>>END_MODULE
>>Per base sequence content	pass
#Base	G	A	T	C
1	19.16070557296792	30.805305855792533	30.83524226160449	19.198746309635055
2	19.216774310925132	30.75618368713975	30.817875838343404	19.209166163591707
3	19.091322577177213	30.920006946569305	30.752048824458537	19.236621651794945
4	19.168644509315847	30.889574357235595	30.788931799574936	19.152849333873622
5	19.16831372030135	30.809688810234615	30.7744597801907	19.24753768927334
6	19.167404050511482	30.826310958213078	30.831603582445027	19.174681408830413
7	19.178733574258	30.84409086774228	30.810681177278106	19.166494380721616
8	19.222315026917954	30.821349122995624	30.805305855792533	19.15102999429389
9	19.212722145497548	30.78843561605319	30.811921636082467	19.186920602366794
10-11	19.12688239623562	30.85409723543081	30.750808365654176	19.26821200267939
12-13	19.143297801080024	30.845703464187956	30.8359451882603	19.17505354647172
14-15	19.162111426279534	30.835324958858116	30.804230791495414	19.198332823366936
16-17	19.173151509638366	30.839377124285704	30.794431166940946	19.193040199134987
18-19	19.184563730638505	30.82618691233264	30.79687073592286	19.192378621105995
20-21	19.18778892352985	30.811756241575218	30.79161946031772	19.20883537457721
22-23	19.19213052934512	30.794017680672823	30.79252913010759	19.221322659874467
24-25	19.1602920866998	30.818330673238343	30.791081928169167	19.230295311892693
26-27	19.15731498556933	30.850003721376414	30.81001959924911	19.182661693805148
28-29	19.240963257610215	30.803031681317865	30.728480107175642	19.22752495389628
30-31	19.211688429827245	30.776899349172616	30.813079397633203	19.198332823366936
32-33	19.14238813129016	30.84268501443067	30.82552533430365	19.189401519975522
34-35	19.14429016812352	30.817338306194852	30.821638563383306	19.216732962298323
36-37	19.199159795903178	30.80299033269105	30.761724403132572	19.236125468273197
38-39	19.187458134515353	30.77189616532835	30.830859307162413	19.209786392993887
40-41	19.23025396326588	30.768546926556567	30.78698841411477	19.214210696062782
42-43	19.19825012611331	30.775576193114627	30.814691994078874	19.211481686693187
44-45	19.1999040711858	30.827427371137006	30.756597173407872	19.216071384269327
46-47	19.210241227888822	30.809895553368673	30.815105480347	19.164757738395508
48-49	19.21044797102288	30.78649223059302	30.775286752726945	19.227773045657155
50-51	19.208132447921404	30.789469331723495	30.82279632493405	19.179601895421055
52-53	19.227028770374535	30.76569387130653	30.806670360477327	19.2006069978416
54-55	19.215657898001208	30.77660990878493	30.7584165129876	19.24931568022626
56-57	19.15202236133738	30.793025313629336	30.850623950778594	19.204328374254693
58-59	19.17625265664927	30.82320981120217	30.756225035766562	19.244312496381998
60-61	19.22884810995427	30.762303283907944	30.795175442223567	19.213673163914226
62-63	19.275241269237448	30.689901838359944	30.812831305872336	19.222025586530272
64-65	19.239143918030482	30.75200747583173	30.784714239640103	19.22413436649769
66-67	19.21851095325124	30.804644277763536	30.793108010882957	19.183736758102263
68-69	19.255931460516194	30.83123144480372	30.67757994756994	19.235257147110143
70-71	19.22066108184547	30.77197886258197	30.78760864351695	19.219751412055604
72-73	19.21669161367151	30.807001149491825	30.77131728455298	19.204989952283686
74-75	19.230956889921686	30.74460607163236	30.76834018342251	19.256096855023443
76-77	19.23686974355582	30.78864235918725	30.748327448045448	19.226160449211484
78-79	19.179477849540618	30.79902086451709	30.76362643996593	19.257874845976364
80-81	19.2166502650447	30.785293120415467	30.781406349495132	19.2166502650447
82-83	19.212019218841743	30.828337040926872	30.723311528824127	19.23633221140726
84-85	19.220619733218662	30.726164584074162	30.804065396988168	19.24915028571901
86-87	19.250804230791495	30.742910777933062	30.7536200722774	19.252664918998043
88-89	19.182000115776155	30.756638522034685	30.829039967582677	19.232321394606487
90-91	19.221694797515774	30.7812823036147	30.776899349172616	19.220123549696915
92-93	19.211564383946808	30.782853551433558	30.75701065967599	19.248571404943643
94-95	19.227194164881784	30.799847837053328	30.762179238027503	19.21077876003738
96-97	19.18853319881247	30.780041844810334	30.791288671303224	19.240136285073973
98-99	19.267674470530835	30.728149318161147	30.778429248364663	19.22574696294336
100	19.196926970055326	30.844421656756776	30.74394449360337	19.21470687958453
>>END_MODULE
>>Per sequence GC content	pass
#GC Content	Count
0	1.0
1	1.0
2	1.5
3	1.5
4	2.0
5	7.5
6	10.5
7	12.5
8	16.0
9	24.0
10	34.5
11	43.0
12	54.0
13	76.0
14	119.5
15	174.0
16	263.0
17	396.0
18	577.0
19	825.5
20	1240.0
21	1804.0
22	2565.5
23	3552.5
24	4827.0
25	6708.5
26	9090.5
27	12250.0
28	16336.5
29	20956.5
30	26581.0
31	33183.0
32	40626.5
33	48767.0
34	56558.5
35	63843.5
36	70647.5
37	75756.5
38	78333.0
39	78678.5
40	76496.5
41	72517.0
42	67462.5
43	61259.0
44	53955.0
45	46090.0
46	38528.5
47	31563.0
48	25450.5
49	20289.0
50	15863.0
51	12072.0
52	9041.5
53	6607.0
54	4792.5
55	3530.5
56	2587.5
57	1796.0
58	1245.5
59	921.5
60	664.5
61	463.0
62	341.5
63	241.0
64	161.5
65	117.5
66	93.5
67	56.5
68	27.0
69	22.5
70	13.0
71	3.5
72	4.0
73	4.0
74	1.5
75	0.5
76	1.0
77	0.5
78	0.0
79	0.0
80	0.0
81	0.0
82	0.0
83	0.0
84	0.0
85	0.0
86	0.0
87	0.0
88	0.0
89	0.0
90	0.0
91	0.0
92	0.0
93	0.0
94	0.0
95	0.0
96	0.0
97	0.0
98	0.0
99	0.0
100	0.0
>>END_MODULE
>>Per base N content	pass
#Base	N-Count
1	0.0
2	0.0
3	0.0
4	0.0
5	0.0
6	0.0
7	0.0
8	0.0
9	0.0
10-11	0.0
12-13	0.0
14-15	0.0
16-17	0.0
18-19	0.0
20-21	0.0
22-23	0.0
24-25	0.0
26-27	0.0
28-29	0.0
30-31	0.0
32-33	0.0
34-35	0.0
36-37	0.0
38-39	0.0
40-41	0.0
42-43	0.0
44-45	0.0
46-47	0.0
48-49	0.0
50-51	0.0
52-53	0.0
54-55	0.0
56-57	0.0
58-59	0.0
60-61	0.0
62-63	0.0
64-65	0.0
66-67	0.0
68-69	0.0
70-71	0.0
72-73	0.0
74-75	0.0
76-77	0.0
78-79	0.0
80-81	0.0
82-83	0.0
84-85	0.0
86-87	0.0
88-89	0.0
90-91	0.0
92-93	0.0
94-95	0.0
96-97	0.0
98-99	0.0
100	0.0
>>END_MODULE
>>Sequence Length Distribution	pass
#Length	Count
100	1209230.0
>>END_MODULE
>>Sequence Duplication Levels	pass
#Total Deduplicated Percentage	98.56888928366286
#Duplication Level	Percentage of deduplicated	Percentage of total
1	98.71915207500945	97.30637171058683
2	1.153733076930375	2.2744437584569965
3	0.09560300434517705	0.2827044585145589
4	0.02242414252382434	0.08841291286847669
5	0.006469347117137627	0.031883817986336105
6	0.00207886135938205	0.012294663310140848
7	3.7080415393983004E-4	0.002558482751693217
8	1.6868856068994714E-4	0.0013301955249654274
9	0.0	0.0
>10	0.0	0.0
>50	0.0	0.0
>100	0.0	0.0
>500	0.0	0.0
>1k	0.0	0.0
>5k	0.0	0.0
>10k+	0.0	0.0
>>END_MODULE
>>Overrepresented sequences	pass
>>END_MODULE
>>Adapter Content	pass
#Position	Illumina Universal Adapter	Illumina Small RNA 3' Adapter	Illumina Small RNA 5' Adapter	Nextera Transposase Sequence	SOLID Small RNA Adapter
1	0.0	0.0	0.0	0.0	0.0
2	0.0	0.0	0.0	0.0	0.0
3	0.0	0.0	0.0	0.0	0.0
4	0.0	0.0	0.0	0.0	0.0
5	0.0	0.0	0.0	0.0	0.0
6	0.0	0.0	0.0	0.0	0.0
7	0.0	0.0	0.0	0.0	0.0
8	0.0	0.0	0.0	0.0	0.0
9	0.0	0.0	0.0	0.0	0.0
10-11	0.0	0.0	0.0	0.0	0.0
12-13	0.0	0.0	0.0	0.0	0.0
14-15	4.134862681210357E-5	0.0	0.0	0.0	0.0
16-17	8.269725362420714E-5	0.0	0.0	0.0	0.0
18-19	8.269725362420714E-5	0.0	0.0	0.0	0.0
20-21	1.6539450724841427E-4	0.0	0.0	0.0	0.0
22-23	1.6539450724841427E-4	0.0	0.0	0.0	0.0
24-25	1.6539450724841427E-4	0.0	0.0	0.0	0.0
26-27	1.6539450724841427E-4	0.0	0.0	0.0	0.0
28-29	1.6539450724841427E-4	0.0	0.0	0.0	0.0
30-31	1.6539450724841427E-4	0.0	0.0	0.0	0.0
32-33	1.6539450724841427E-4	0.0	0.0	0.0	0.0
34-35	1.6539450724841427E-4	0.0	0.0	0.0	0.0
36-37	1.6539450724841427E-4	0.0	0.0	0.0	0.0
38-39	1.6539450724841427E-4	0.0	0.0	0.0	0.0
40-41	1.6539450724841427E-4	0.0	0.0	0.0	0.0
42-43	1.6539450724841427E-4	0.0	0.0	0.0	0.0
44-45	2.0674313406051785E-4	0.0	0.0	0.0	0.0
46-47	2.480917608726214E-4	0.0	0.0	0.0	0.0
48-49	2.480917608726214E-4	0.0	0.0	0.0	0.0
50-51	2.480917608726214E-4	0.0	0.0	0.0	0.0
52-53	2.480917608726214E-4	0.0	0.0	0.0	0.0
54-55	2.480917608726214E-4	0.0	0.0	0.0	0.0
56-57	2.480917608726214E-4	0.0	0.0	0.0	0.0
58-59	2.480917608726214E-4	0.0	0.0	0.0	0.0
60-61	2.480917608726214E-4	0.0	0.0	0.0	0.0
62-63	2.480917608726214E-4	0.0	0.0	0.0	0.0
64-65	2.480917608726214E-4	0.0	0.0	0.0	0.0
66-67	2.480917608726214E-4	0.0	0.0	8.269725362420714E-5	0.0
68-69	2.480917608726214E-4	0.0	0.0	8.269725362420714E-5	0.0
70-71	2.89440387684725E-4	0.0	0.0	8.269725362420714E-5	0.0
72-73	3.3078901449682855E-4	0.0	0.0	8.269725362420714E-5	0.0
74-75	3.3078901449682855E-4	0.0	0.0	8.269725362420714E-5	0.0
76-77	3.3078901449682855E-4	0.0	0.0	8.269725362420714E-5	0.0
78-79	3.3078901449682855E-4	0.0	0.0	8.269725362420714E-5	0.0
80-81	3.3078901449682855E-4	0.0	0.0	8.269725362420714E-5	0.0
82-83	3.3078901449682855E-4	0.0	0.0	8.269725362420714E-5	0.0
84-85	3.3078901449682855E-4	0.0	0.0	8.269725362420714E-5	0.0
86-87	3.3078901449682855E-4	0.0	0.0	8.269725362420714E-5	0.0
88	3.3078901449682855E-4	0.0	0.0	8.269725362420714E-5	0.0
>>END_MODULE
>>Kmer Content	pass
>>END_MODULE
